194360
133
145
138
140
147
178
195
185
184
175
181
198
199
200
212
208
201
238
239
231
251
306
280
283
253
215
197
206
168
148
132
124
131
117
109
92
86
74
56
64
49
55
30
28
27
3
11
2
6
8
17
19
45
52
66
82
90
97
113
129
101
100
70
51
43
31
39
29
15
20
26
33
44
22
18
9
32
42
21
24
36
57
59
69
71
60
89
76
62
67
46
40
48
54
65
87
78
91
107
137
135
143
125
115
114
102
106
119
141
161
160
186
214
240
254
266
270
360
411
476
433
419
316
370
374
303
290
269
322
301
256
243
219
209
193
179
169
139
176
162
173
187
203
235
233
232
230
250
262
297
329
341
364
379
401
442
388
390
368
334
298
255
275
321
288
305
350
373
410
454
472
557
543
507
487
428
437
422
447
479
560
638
703
716
774
775
870
913
858
860
827
780
818
796
726
687
647
549
499
535
537
573
604
618
658
677
699
757
730
812
832
831
874
932
944
845
869
786
838
901
862
919
968
984
1015
976
1026
1111
1086
1065
1005
992
955
922
877
748
793
799
821
803
771
738
674
679
614
615
599
598
664
643
671
717
713
758
822
828
890
916
965
980
940
1013
1010
1030
1027
923
853
849
937
897
873
947
951
1034
1066
1061
1140
1159
1125
1150
1152
1091
1225
1194
1139
1180
1162
1165
1129
1115
1117
1078
1081
1136
1172
1255
1257
1258
1264
1281
1308
1351
1372
1415
1454
1366
1362
1357
1465
1546
1490
1562
1597
1670
1708
1730
1765
1762
1741
1687
1664
1718
1737
1775
1827
1866
1828
1797
1933
1975
2019
1966
1822
1747
1713
1678
1642
1615
1654
1706
1780
1800
1888
1848
1881
1841
1792
1860
1906
2003
2042
1871
1748
1643
1616
1697
1680
1719
1722
1667
1594
1535
1533
1531
1527
1544
1473
1461
1460
1379
1382
1424
1407
1431
1491
1523
1554
1513
1439
1335
1283
1267
1232
1298
1300
1352
1387
1341
1320
1290
1235
1301
1400
1413
1434
1507
1600
1598
1671
1629
1688
1720
1763
1867
1914
1954
1995
1986
2071
2109
2193
2309
2312
2345
2256
2241
2226
2174
2154
2082
2063
2064
2027
1978
1994
1959
1911
1928
2013
2091
2132
2192
2206
2245
2266
2306
2391
2406
2437
2467
2506
2537
2527
2594
2638
2605
2549
2533
2485
2453
2369
2348
2444
2499
2560
2528
2472
2417
2432
2392
2412
2450
2445
2480
2496
2529
2573
2572
2488
2438
2459
2363
2381
2407
2383
2335
2300
2355
2323
2289
2246
2189
2120
2065
1991
2021
2043
1987
1997
1935
1960
1982
1993
2052
2005
2096
2014
1970
1922
1863
1901
1830
1815
1766
1745
1783
1818
1872
1853
1859
1892
1896
1824
1756
1773
1803
1711
1677
1639
1635
1632
1665
1586
1422
1452
1492
1536
1539
1583
1528
1477
1474
1416
1393
1388
1367
1385
1317
1380
1376
1218
1201
1279
1228
1178
1160
1085
1050
1024
996
990
938
952
986
1017
1058
1173
1208
1315
1318
1359
1394
1418
1481
1572
1587
1584
1582
1694
1850
1889
1861
1776
1758
1793
1842
1845
1812
1703
1668
1630
1577
1548
1520
1446
1426
1470
1399
1475
1525
1553
1637
1655
1726
1749
1753
1681
1721
1778
1807
1789
1836
1873
1835
1801
1869
1916
1961
2009
1912
1955
2007
2066
2047
1976
1990
1964
2036
2033
1980
1915
1831
1798
1764
1674
1613
1565
1652
1592
1666
1663
1606
1530
1484
1503
1429
1398
1471
1508
1510
1514
1458
1401
1377
1297
1286
1236
1186
1132
1116
1073
1029
997
956
987
1035
1067
1094
1141
1123
1126
1146
1148
1166
1219
1198
1195
1262
1292
1291
1226
1191
1137
1153
1169
1222
1287
1395
1404
1420
1462
1526
1571
1566
1538
1505
1435
1374
1332
1345
1325
1271
1302
1383
1378
1331
1248
1199
1110
1070
1033
1021
934
993
1038
1074
1104
1184
1171
1237
1227
1259
1244
1266
1163
1097
1079
1018
988
931
966
978
903
854
882
809
712
770
835
707
566
522
654
591
660
746
684
648
597
563
565
524
502
451
407
375
457
490
576
634
727
751
782
851
899
917
970
1051
1088
1053
999
906
911
895
826
759
733
745
749
728
704
682
659
657
590
547
564
629
651
587
553
526
471
450
395
385
351
315
366
317
273
252
222
234
246
274
276
312
335
346
369
392
448
501
561
516
477
430
417
398
439
493
529
609
639
680
711
731
843
805
801
800
850
898
902
928
888
910
893
876
833
814
744
764
724
683
627
596
583
653
617
656
678
710
739
752
797
839
881
887
929
981
1045
1082
1042
1031
1028
1076
1105
1134
1185
1211
1294
1261
1177
1108
1197
1280
1282
1249
1268
1314
1340
1384
1421
1467
1518
1590
1623
1549
1469
1409
1428
1364
1327
1278
1213
1175
1170
1131
1089
1049
1047
973
954
948
875
847
852
865
926
977
963
886
808
804
742
715
761
777
816
794
769
692
688
722
735
641
636
544
527
489
480
491
473
506
536
551
586
512
555
605
616
667
621
580
518
521
500
538
485
470
449
435
404
356
308
281
279
295
342
367
421
420
459
412
425
396
338
337
319
311
285
310
331
394
393
381
416
413
456
508
525
585
606
632
693
737
778
825
788
732
719
642
562
520
495
515
545
554
488
475
402
397
361
325
293
271
237
210
191
183
211
190
189
180
174
167
150
151
159
171
146
112
83
103
104
108
122
163
164
165
166
182
205
196
221
245
241
223
264
307
328
353
332
371
391
446
467
423
426
377
348
299
267
257
224
220
226
260
258
291
339
343
296
263
265
242
236
247
248
228
225
213
218
207
217
204
216
188
194
192
157
155
153
110
96
120
130
144
149
152
154
127
116
93
84
63
73
77
81
80
94
75
53
41
47
35
14
7
12
10
13
4
1
5
16
37
38
50
25
23
34
61
72
58
68
85
98
105
79
88
99
95
111
128
118
126
136
134
123
121
142
158
177
172
156
170
202
227
244
249
278
292
313
300
320
345
340
314
302
357
330
309
294
272
352
355
389
462
460
513
540
504
486
440
399
378
326
323
289
268
286
284
347
382
372
376
427
436
483
478
548
579
622
644
723
765
791
829
914
945
1043
1056
975
958
1039
1036
1112
1100
1084
1096
1121
1157
1229
1179
1181
1245
1254
1209
1154
1156
1192
1273
1305
1328
1368
1369
1411
1438
1581
1640
1661
1618
1555
1515
1445
1485
1408
1494
1561
1624
1777
1750
1821
1874
1885
1882
1813
1725
1704
1648
1608
1610
1633
1563
1519
1534
1502
1397
1360
1354
1417
1498
1463
1545
1620
1605
1568
1614
1657
1691
1769
1814
1864
1900
1878
1794
1700
1705
1627
1550
1495
1414
1370
1406
1488
1447
1478
1556
1607
1646
1695
1641
1731
1727
1816
1855
1924
1932
2028
2067
2090
2114
2076
2015
1944
2058
2045
2158
2205
2103
1981
2029
2136
2209
2212
2217
2296
2314
2328
2303
2375
2389
2351
2221
2183
2366
2365
2421
2481
2520
2584
2468
2511
2608
2657
2673
2774
2869
2929
3003
2900
2899
2970
3074
3070
3128
3157
3194
3255
3259
3162
3078
3029
2955
2995
3106
3064
3156
3206
3276
3264
3309
3366
3392
3395
3412
3384
3458
3509
3557
3491
3450
3377
3334
3279
3330
3386
3358
3328
3292
3247
3220
3180
3121
3135
3138
3104
3030
3045
2991
2922
2830
2810
2772
2707
2704
2678
2692
2630
2557
2531
2513
2434
2393
2338
2285
2281
2315
2276
2184
2185
2234
2190
2230
2171
2172
2097
2140
2194
2325
2331
2352
2298
2357
2307
2376
2396
2473
2525
2469
2507
2413
2422
2409
2482
2558
2599
2618
2582
2734
2732
2796
2806
2844
2872
2813
2822
2793
2749
2743
2683
2672
2612
2647
2648
2602
2545
2541
2478
2387
2452
2503
2547
2523
2589
2641
2670
2708
2742
2775
2859
2903
2901
2931
2967
3007
3058
3075
3116
3130
3175
3190
3167
3151
3105
3086
3090
3055
2893
2773
2719
2679
2731
2753
2782
2842
2870
2951
2949
2917
2945
2981
3061
2992
2990
3039
3059
3006
2902
2854
2851
2814
2763
2658
2609
2526
2492
2454
2411
2368
2299
2358
2231
2161
2110
2030
2012
1985
1940
1929
1890
1895
1920
1946
2020
2048
1953
1902
1717
1714
1621
1645
1658
1672
1709
1770
1819
1886
1849
1846
1781
1701
1650
1611
1522
1540
1511
1476
1403
1464
1449
1517
1560
1631
1684
1669
1579
1656
1662
1716
1786
1712
1768
1851
1875
1926
2000
1983
2010
2034
2056
2059
2095
2141
2123
2023
1945
1879
1840
1809
1683
1628
1625
1573
1575
1612
1599
1564
1521
1468
1497
1432
1329
1349
1284
1311
1358
1321
1270
1224
1234
1205
1183
1151
1107
1080
982
1004
989
971
920
935
949
912
979
909
866
974
1025
939
900
861
846
967
964
1059
1212
1274
1322
1316
1336
1355
1405
1448
1482
1585
1558
1542
1509
1455
1436
1389
1346
1493
1363
1323
1269
1295
1240
1230
1246
1182
1102
1072
1006
957
867
856
763
747
784
691
696
806
810
720
750
830
848
783
820
880
883
823
760
740
695
666
607
588
652
673
649
612
669
640
608
600
571
645
685
661
611
546
532
517
577
569
505
523
481
444
461
418
362
336
383
405
464
498
519
558
714
776
811
813
779
781
736
705
721
702
625
628
568
567
468
409
429
474
509
556
589
601
630
663
655
668
533
594
624
650
708
697
700
756
840
753
725
689
718
815
894
918
969
1022
1109
1189
1135
1016
962
927
884
844
802
754
798
864
953
985
930
891
885
941
959
1000
1041
1103
1145
1231
1306
1344
1371
1412
1391
1356
1310
1251
1119
1077
1044
1063
1048
1037
994
1009
1054
1113
1098
1122
1158
1196
1247
1350
1390
1347
1263
1260
1272
1319
1365
1430
1450
1532
1591
1588
1559
1543
1659
1696
1804
1805
1865
1862
1891
1988
1887
1746
1728
1653
1595
1651
1609
1622
1547
1486
1423
1442
1375
1437
1433
1427
1307
1296
1342
1338
1479
1529
1647
1593
1580
1537
1524
1569
1675
1736
1739
1810
1868
1909
1956
2008
2054
2111
2073
2017
1967
1973
1979
2053
2086
2144
2099
2155
2222
2197
2213
2292
2397
2442
2464
2539
2600
2566
2569
2637
2635
2633
2677
2614
2611
2723
2655
2571
2484
2416
2377
2361
2191
2088
2083
2143
2227
2297
2277
2310
2304
2248
2195
2137
2108
2049
2084
2156
2200
2282
2260
2320
2339
2403
2500
2504
2490
2538
2552
2435
2461
2498
2479
2562
2634
2596
2626
2685
2725
2776
2855
2918
2932
3004
2913
2911
2960
2956
2884
2824
2807
2760
2680
2604
2580
2577
2629
2693
2735
2778
2919
2965
2999
2894
2852
2833
2741
2738
2803
2800
2736
2695
2694
2792
2789
2744
2877
2890
2961
3015
3066
3108
3122
3165
3209
3246
3306
3359
3400
3426
3430
3389
3332
3271
3261
3184
3188
3124
3060
3133
3197
3191
3113
3008
2957
3013
3053
3056
3091
3112
3072
2986
3119
3088
3164
3240
3216
3256
3239
3214
3211
3248
3294
3305
3341
3425
3444
3479
3469
3406
3350
3321
3274
3324
3399
3452
3510
3530
3605
3635
3632
3651
3609
3535
3550
3545
3575
3589
3633
3599
3554
3508
3418
3352
3335
3393
3413
3466
3536
3548
3582
3621
3638
3678
3773
3823
3781
3780
3766
3679
3713
3655
3606
3645
3706
3695
3631
3587
3537
3523
3481
3394
3447
3487
3484
3427
3337
3339
3345
3235
3249
3198
3192
3154
3168
3224
3182
3123
3048
2994
2920
2923
2940
2878
3067
3073
3024
3099
3081
2978
2905
2885
2784
2701
2656
2606
2640
2586
2642
2597
2615
2651
2639
2590
2470
2398
2367
2326
2252
2218
2134
2112
2116
2118
2039
1968
1947
1908
1934
1962
1963
2018
1971
1893
1856
1787
1784
1820
1870
1799
1707
1742
1760
1757
1755
1839
1857
1771
1834
1843
1903
1925
1999
2011
2089
2207
2145
2026
2040
2016
1937
2031
1913
1832
1811
1844
1950
2046
2100
2131
2238
2278
2333
2261
2426
2447
2519
2475
2441
2512
2505
2455
2395
2340
2262
2242
2258
2336
2311
2347
2420
2465
2534
2581
2575
2495
2462
2436
2373
2196
2177
2104
2113
2115
2168
2041
1927
1996
1957
1910
1847
1729
1785
1774
1698
1649
1702
1858
1930
1790
1761
1685
1724
1673
1603
1570
1552
1472
1440
1386
1489
1483
1576
1589
1679
1772
1732
1692
1636
1638
1617
1567
1456
1410
1425
1487
1516
1443
1459
1457
1453
1330
1333
1339
1277
1353
1381
1293
1252
1207
1233
1200
1147
1099
1143
1068
983
1032
1012
907
855
824
889
896
998
1055
1133
1174
1215
1216
1250
1312
1288
1256
1187
1167
1164
1087
1007
1064
1003
1002
943
908
871
787
762
790
859
915
936
863
924
904
872
1001
1011
1083
1120
1190
1193
1144
1101
1114
1220
1285
1337
1206
1238
1324
1326
1275
1242
1214
1142
1138
1092
1106
1090
1040
1014
960
942
892
868
991
1071
1023
933
834
819
755
613
574
552
452
406
465
492
581
646
690
706
766
789
807
841
795
767
672
729
681
675
709
785
768
734
743
676
686
631
603
541
542
610
662
626
550
584
602
575
619
559
528
494
497
445
466
384
349
327
386
408
455
458
510
572
570
582
633
637
698
701
623
593
592
578
514
463
434
387
403
365
333
282
261
229
259
277
318
354
363
414
453
484
503
482
534
496
431
432
441
415
380
344
304
287
324
359
358
424
469
595
670
531
443
400
438
539
511
530
620
635
665
694
773
857
946
961
837
879
878
925
995
1075
1057
1176
1095
1069
1020
950
792
817
836
741
772
842
905
921
972
1008
1052
1128
1130
1223
1221
1202
1243
1276
1303
1253
1210
1155
1168
1203
1124
1046
1019
1060
1118
1188
1289
1361
1304
1241
1265
1343
1348
1373
1309
1334
1392
1396
1480
1557
1496
1541
1601
1634
1551
1451
1466
1441
1499
1501
1626
1699
1788
1808
1779
1782
1744
1710
1693
1676
1619
1754
1734
1682
1574
1500
1504
1578
1596
1686
1740
1795
1826
1897
1931
1904
1942
1919
1923
1907
1951
1943
1817
1751
1743
1883
1958
2006
2070
2147
2178
2244
2321
2318
2259
2173
2142
2079
2025
1974
1880
1921
1941
2074
2135
2129
2268
2253
2198
2255
2316
2448
2515
2561
2559
2524
2645
2699
2717
2714
2809
2889
3049
2976
2952
2857
2898
3001
3054
2968
2987
3115
3253
3338
3304
3243
3221
3186
3282
3376
3420
3401
3357
3353
3375
3336
3301
3161
3146
3177
3172
3142
3092
3037
3079
3012
2938
2948
3000
2942
2895
2815
2819
2836
2841
2757
2696
2720
2864
2924
3016
2996
3019
2930
2881
2856
2818
2726
2690
2674
2592
2554
2540
2471
2493
2583
2535
2405
2341
2378
2308
2250
2214
2293
2400
2354
2225
2117
2061
2050
2128
2179
2163
2138
2057
1969
2060
2024
2101
2228
2283
2370
2329
2249
2208
2288
2380
2458
2430
2491
2487
2466
2548
2551
2514
2443
2501
2550
2553
2591
2643
2713
2766
2745
2603
2563
2598
2649
2698
2702
2828
2825
2794
2752
2711
2671
2665
2737
2808
2811
2853
2934
2906
2950
3043
3040
3114
3174
3195
3217
3257
3315
3390
3238
3109
3032
2941
2888
2862
2971
3028
3047
3155
3152
3201
3163
3229
3287
3374
3449
3495
3419
3381
3362
3459
3428
3503
3553
3448
3436
3453
3511
3672
3610
3561
3533
3590
3639
3680
3736
3767
3794
3833
3848
3871
3838
3907
3901
3905
3917
3985
3992
3977
4025
4043
4052
4105
4069
4109
4111
4081
4122
4102
4152
4139
4051
4015
3990
3932
3944
4002
4029
4020
4007
3961
3984
3942
3878
3748
3702
3738
3792
3836
3873
3815
3786
3755
3710
3744
3698
3761
3687
3765
3818
3875
3891
3908
3948
3938
3914
3877
3856
3872
3934
3913
3969
3994
4049
4048
4041
4075
4068
4001
3927
3918
3886
3851
3817
3828
3806
3829
3974
4037
3967
3937
3940
3904
3973
3959
3931
3885
3864
3787
3801
3822
3811
3809
3868
3846
3779
3751
3716
3733
3657
3608
3618
3771
3783
3820
3789
3845
3805
3825
3798
3797
3741
3727
3732
3747
3683
3640
3689
3701
3725
3663
3612
3626
3551
3486
3463
3441
3385
3363
3293
3296
3237
3176
3196
3242
3300
3371
3477
3446
3468
3440
3494
3569
3542
3532
3595
3566
3492
3454
3424
3421
3380
3288
3299
3397
3316
3367
3313
3310
3204
3208
3153
3111
3065
3107
3051
3083
3102
3042
3023
2882
2799
2802
2769
2835
2873
2977
2982
2946
2915
2897
2904
2797
2798
2820
2765
2751
2756
2843
2975
3009
3022
3098
3131
3200
3046
2993
2944
3052
3127
3087
3110
3129
3145
3149
3181
3241
3323
3320
3297
3251
3170
3234
3344
3443
3502
3506
3465
3480
3417
3437
3422
3410
3270
3327
3265
3280
3314
3343
3342
3402
3442
3472
3515
3513
3593
3604
3637
3654
3712
3740
3752
3791
3831
3853
3788
3759
3721
3705
3662
3664
3653
3586
3564
3522
3517
3473
3474
3499
3574
3625
3661
3656
3673
3617
3559
3568
3630
3598
3596
3581
3591
3541
3602
3665
3726
3731
3677
3719
3763
3723
3750
3724
3769
3808
3859
3862
3919
3952
3947
3991
3988
3983
4031
4050
3998
3971
3900
3893
3936
3964
3993
4019
4036
4061
4094
4130
4077
4067
4047
4090
4088
4115
4165
4192
4213
4214
4226
4241
4255
4297
4305
4275
4277
4271
4293
4273
4238
4197
4208
4245
4263
4233
4194
4160
4171
4195
4185
4198
4207
4175
4128
4096
4125
4114
4086
4058
4033
3987
4074
4103
4159
4151
4164
4129
4155
4190
4202
4168
4153
4119
4080
4024
3982
3899
3925
3916
3849
3796
3814
3746
3735
3776
3841
3844
3894
3951
3979
3939
3954
3922
3880
3867
3835
3768
3739
3709
3707
3690
3648
3585
3565
3534
3520
3505
3525
3490
3432
3435
3349
3298
3252
3227
3260
3319
3396
3467
3470
3498
3500
3547
3592
3570
3528
3614
3696
3758
3800
3839
3840
3775
3704
3644
3671
3666
3634
3624
3573
3514
3549
3628
3703
3670
3693
3600
3527
3588
3636
3623
3682
3718
3762
3691
3647
3597
3488
3476
3462
3409
3356
3318
3272
3215
3228
3183
3118
3137
3187
3245
3266
3278
3370
3348
3286
3303
3291
3326
3355
3434
3507
3539
3558
3616
3650
3708
3730
3785
3812
3858
3915
3981
4011
4027
4066
4095
4063
4039
4006
4056
4106
4138
4144
4133
4101
4121
4079
4038
3978
4005
4004
3926
3930
3966
3950
3854
3921
3957
3945
3965
3920
3890
3865
3843
3813
3837
3866
3832
3778
3760
3715
3745
3804
3782
3834
3850
3903
3876
3953
3996
4040
3980
3941
4028
4065
4099
4082
4127
4131
4132
4137
4108
4189
4210
4232
4240
4244
4196
4205
4221
4212
4167
4148
4118
4092
4070
4057
4035
3976
3933
3986
3958
4013
4042
4076
4085
4124
4134
4158
4179
4211
4247
4282
4280
4301
4296
4278
4234
4276
4347
4323
4304
4290
4334
4330
4318
4331
4335
4300
4314
4261
4303
4325
4344
4352
4342
4326
4349
4337
4366
4382
4378
4355
4380
4365
4336
4350
4368
4363
4391
4403
4376
4346
4356
4340
4360
4393
4385
4399
4400
4401
4435
4451
4453
4454
4450
4455
4434
4418
4426
4414
4354
4339
4379
4384
4389
4351
4362
4374
4402
4412
4428
4441
4461
4460
4459
4448
4439
4438
4432
4422
4410
4411
4404
4377
4367
4359
4341
4338
4348
4375
4370
4353
4333
4319
4316
4315
4262
4264
4250
4227
4218
4215
4178
4136
4087
4045
4055
4016
3989
4000
3935
3995
4062
4064
4112
4150
4187
4243
4258
4295
4369
4343
4327
4317
4302
4289
4309
4322
4312
4299
4272
4279
4260
4239
4222
4236
4270
4292
4306
4310
4308
4307
4311
4287
4253
4230
4206
4177
4200
4225
4246
4274
4257
4220
4182
4191
4163
4188
4224
4265
4251
4235
4204
4172
4170
4143
4135
4084
4117
4046
4014
3963
3906
3852
3889
3892
3895
3830
3847
3870
3898
3924
3929
3861
3884
3888
3962
3949
4008
4071
4093
4072
4023
4044
4012
3972
3956
3970
3912
3879
3869
3881
3928
4003
4034
4017
3946
3910
3911
3897
3902
3943
3955
3999
4030
4022
4010
4021
4073
4110
4120
4156
4176
4199
4186
4184
4169
4146
4126
4091
4089
4059
4100
4098
4141
4147
4173
4162
4229
4223
4231
4254
4259
4252
4269
4291
4286
4294
4321
4281
4256
4324
4328
4332
4357
4361
4381
4390
4405
4386
4397
4398
4416
4419
4436
4424
4431
4430
4425
4445
4442
4444
4437
4447
4446
4457
4458
4456
4452
4449
4443
4440
4433
4423
4420
4417
4427
4429
4421
4409
4395
4394
4372
4371
4383
4388
4396
4415
4408
4407
4413
4406
4392
4387
4373
4364
4358
4345
4329
4313
4320
4298
4285
4284
4268
4283
4267
4248
4217
4209
4193
4174
4149
4157
4123
4116
4181
4219
4228
4237
4242
4288
4266
4249
4216
4201
4203
4183
4161
4154
4145
4107
4140
4078
4097
4026
3997
3968
4009
4018
4060
4053
4054
4104
4180
4166
4142
4113
4083
4032
3960
3975
3909
3887
3883
3802
3757
3756
3777
3646
3684
3717
3685
3658
3676
3784
3816
3803
3842
3874
3821
3795
3728
3711
3668
3615
3649
3627
3669
3749
3790
3827
3799
3770
3774
3734
3700
3643
3659
3580
3584
3519
3489
3538
3556
3560
3496
3439
3408
3322
3383
3340
3311
3250
3207
3139
3120
3178
3222
3263
3275
3254
3226
3189
3143
3205
3231
3312
3295
3269
3317
3373
3405
3368
3369
3464
3501
3529
3572
3620
3675
3729
3743
3754
3793
3764
3720
3686
3681
3642
3594
3576
3544
3485
3497
3423
3365
3388
3346
3404
3415
3504
3563
3611
3526
3493
3451
3361
3354
3285
3210
3277
3268
3223
3219
3193
3173
3171
3141
3085
2985
2937
2921
2861
2804
2767
2795
2868
2867
2849
2876
2959
2954
3041
3071
3020
2947
2963
2928
2892
2887
2829
2827
2823
2730
2664
2636
2607
2536
2579
2543
2595
2494
2516
2477
2425
2385
2353
2360
2433
2439
2379
2346
2384
2402
2319
2324
2362
2371
2428
2486
2502
2497
2565
2620
2654
2601
2628
2644
2724
2706
2817
2801
2805
2733
2718
2761
2722
2689
2624
2574
2613
2676
2739
2668
2588
2510
2460
2457
2415
2427
2522
2585
2568
2518
2449
2410
2382
2280
2216
2211
2269
2233
2202
2152
2220
2254
2181
2107
2069
2127
2126
2157
2203
2153
2038
1965
1918
1854
1733
1735
1825
1894
1949
2022
2004
1992
1984
1939
2001
1972
2085
2102
2068
2148
2055
1998
1936
1884
1796
1759
1723
1767
1689
1690
1644
1715
1738
1829
1899
1877
1905
1837
1823
1802
1917
1938
2035
2072
2037
2002
1977
2044
2062
2098
2122
2078
2151
2188
2224
2332
2337
2301
2290
2273
2344
2350
2401
2322
2243
2279
2291
2240
2130
2150
2187
2081
2121
2175
2176
2164
2167
2169
2170
2201
2349
2284
2160
2146
2133
2180
2166
2075
2094
2186
2257
2295
2313
2274
2271
2251
2267
2232
2263
2343
2359
2390
2424
2463
2474
2418
2408
2330
2275
2239
2272
2247
2302
2374
2372
2414
2456
2440
2509
2489
2521
2451
2446
2476
2532
2542
2631
2662
2646
2712
2710
2762
2816
2865
2875
2927
3031
2998
2979
3080
3103
3089
3097
3005
2936
2838
2909
2860
2781
2768
2771
2703
2653
2622
2610
2625
2556
2627
2661
2688
2748
2764
2728
2780
2755
2663
2578
2517
2544
2546
2619
2667
2759
2785
2832
2787
2709
2687
2791
2840
2826
2783
2716
2660
2576
2617
2570
2623
2593
2686
2669
2721
2831
2912
2939
2886
2883
2916
2879
2847
2874
2871
2863
2858
2880
2834
2848
2925
2910
3011
3044
3077
3148
3199
3082
3018
2964
2933
3034
3057
3038
2969
2974
2980
2997
3063
3069
3093
2988
2973
3027
3101
3117
3096
3158
3160
3147
3179
3203
3262
3233
3281
3331
3387
3431
3475
3445
3414
3372
3333
3351
3482
3524
3546
3460
3461
3456
3531
3571
3603
3483
3407
3398
3382
3308
3290
3302
3284
3347
3416
3403
3364
3429
3457
3516
3579
3562
3552
3567
3613
3652
3694
3667
3674
3714
3699
3660
3641
3607
3578
3583
3555
3601
3629
3692
3742
3810
3753
3722
3688
3737
3807
3819
3855
3896
3923
3857
3860
3882
3863
3824
3826
3772
3697
3619
3622
3577
3543
3512
3455
3438
3379
3325
3307
3273
3258
3213
3236
3169
3140
3125
3014
2943
2966
2896
2839
2850
2790
2747
2750
2691
2715
2697
2650
2666
2652
2682
2684
2746
2866
2837
2821
2779
2729
2675
2616
2632
2564
2567
2483
2423
2419
2334
2317
2327
2270
2210
2149
2093
2077
2080
2159
2223
2286
2229
2265
2264
2236
2305
2342
2356
2388
2404
2429
2431
2508
2587
2621
2681
2700
2740
2758
2770
2845
2907
2953
2972
2935
2962
2914
2891
2846
2786
2754
2908
3026
3021
3033
3095
3100
3132
3218
3230
3185
3166
3134
3084
3050
2983
3035
3068
3144
3094
3159
3212
3283
3225
3232
3267
3329
3360
3411
3471
3478
3518
3521
3540
3433
3391
3378
3289
3244
3202
3150
3076
3025
3010
2958
3062
3136
3126
3036
2989
2984
3002
3017
2926
2812
2788
2705
2777
2727
2659
2555
2530
2394
2364
2399
2386
2287
2204
2235
2215
2219
2162
2105
2125
2124
2119
2139
2199
2294
2237
2182
2165
2092
2106
2087
2051
2032
1989
1948
1952
1898
1876
1806
1791
1838
1852
1833
1752
1660
1604
1602
1506
1512
1444
1419
1402
1313
1299
1217
1161
1093
1062
1127
1149
1204
1239
